0.70000  1.40000
0.49552  0.94395
0.32601  0.41038
0.26501  -0.09661
0.32325  -0.55761
0.48735  -0.97789
0.72329  -1.36591
0.87999  -1.60315
0.67321  -1.34260
0.46078  -1.02966
0.35927  -0.75869
0.37684  -0.52436
0.49974  -0.31844
0.70844  -0.13648
0.98098  0.02194
1.29509  0.15278
1.63045  0.24988
1.97004  0.31025
2.29996  0.33942
2.60841  0.35325
2.88553  0.37410
3.12505  0.42318
3.32709  0.51179
3.50023  0.62720
3.65888  0.70725
3.81176  0.67569
3.95284  0.60992
4.06991  0.61447
4.16353  0.69868
4.24891  0.75465
4.33394  0.68282
4.40609  0.65471
4.45998  0.72387
4.50940  0.76587
4.56071  0.68791
4.59967  0.68830
4.62695  0.76622
4.65714  0.73654
4.68479  0.69399
4.70165  0.73955
4.71726  0.76496
4.73579  0.70540
4.74597  0.72256
4.75186  0.77224
4.76240  0.71807
4.76752  0.71722
4.76751  0.76732
4.77182  0.73088
4.77366  0.71709
4.77059  0.75706
4.77044  0.74204
4.77034  0.71871
4.76588  0.74569
4.76260  0.74964
4.76110  0.72158
4.75608  0.73578
4.75063  0.75233
4.74778  0.72615
4.74261  0.72862
4.73587  0.74993
4.73162  0.73212
4.72652  0.72456
4.71930  0.74357
4.71372  0.73780
4.70868  0.72361
4.70159  0.73553
4.69492  0.74081
4.68967  0.72558
4.68301  0.72838
4.67569  0.73953
4.66986  0.72948
4.66367  0.72405
4.65624  0.73444
4.64967  0.73297
4.64370  0.72324
4.63659  0.72797
4.62942  0.73343
4.62325  0.72527
4.61662  0.72302
4.60925  0.73005
4.60258  0.72782
4.59623  0.72130
4.58909  0.72467
4.58194  0.72804
4.57548  0.72242
4.56873  0.72036
4.56144  0.72489
4.55458  0.72392
4.54802  0.71898
4.54096  0.72024
4.53376  0.72307
4.52704  0.71980
4.52026  0.71705
4.51305  0.71951
4.50599  0.72008
4.49925  0.71648
4.49227  0.71566
4.48504  0.71785
4.47805  0.71684
4.47122  0.71388
4.46410  0.71417
4.45688  0.71553
4.44991  0.71377
4.44296  0.71163
4.43576  0.71232
4.42856  0.71289
4.42156  0.71094
4.41450  0.70946
4.40725  0.71014
4.40004  0.71015
4.39298  0.70829
4.38584  0.70721
4.37855  0.70772
4.37131  0.70740
4.36419  0.70572
4.35698  0.70484
4.34965  0.70512
4.34237  0.70466
4.33518  0.70315
4.32791  0.70233
4.32054  0.70242
4.31322  0.70190
4.30596  0.70056
4.29864  0.69971
4.29123  0.69962
4.28385  0.69911
4.27653  0.69790
4.26916  0.69700
4.26171  0.69675
4.25428  0.69627
4.24688  0.69518
4.23947  0.69422
4.23198  0.69380
4.22449  0.69334
4.21703  0.69238
4.20957  0.69137
4.20205  0.69079
4.19450  0.69032
4.18698  0.68948
4.17946  0.68846
4.17190  0.68773
4.16431  0.68720
4.15673  0.68647
4.14916  0.68549
4.14156  0.68463
4.13393  0.68400
4.12629  0.68334
4.11866  0.68243
4.11102  0.68149
4.10335  0.68074
4.09566  0.68007
4.08797  0.67926
4.08029  0.67831
4.07259  0.67744
4.06485  0.67670
4.05712  0.67594
4.04938  0.67504
4.04164  0.67410
4.03388  0.67326
4.02610  0.67249
4.01831  0.67165
4.01053  0.67071
4.00273  0.66978
3.99492  0.66894
3.98709  0.66811
3.97927  0.66721
3.97144  0.66625
3.96360  0.66532
3.95574  0.66445
3.94787  0.66358
3.94001  0.66264
3.93214  0.66166
3.92426  0.66072
3.91636  0.65981
3.90846  0.65889
3.90056  0.65792
3.89266  0.65693
3.88475  0.65595
3.87682  0.65501
3.86890  0.65405
3.86097  0.65306
3.85304  0.65204
3.84511  0.65104
3.83716  0.65005
3.82922  0.64906
3.82127  0.64805
3.81333  0.64700
3.80538  0.64597
3.79743  0.64495
3.78948  0.64392
3.78153  0.64288
3.77358  0.64181
3.76563  0.64075
3.75768  0.63969
3.74973  0.63863
3.74178  0.63756
3.73384  0.63647
3.72590  0.63537
3.71796  0.63428
3.71003  0.63318
3.70210  0.63209
3.69418  0.63097
3.68627  0.62985
3.67836  0.62872
3.67046  0.62759
3.66256  0.62647
3.65468  0.62533
3.64680  0.62418
3.63894  0.62303
3.63109  0.62187
3.62325  0.62071
3.61542  0.61955
3.60760  0.61838
3.59980  0.61720
3.59202  0.61601
3.58425  0.61483
3.57649  0.61364
3.56875  0.61245
3.56104  0.61125
3.55334  0.61004
3.54566  0.60883
3.53800  0.60762
3.53037  0.60640
3.52275  0.60519
3.51516  0.60396
3.50760  0.60273
3.50006  0.60150
3.49255  0.60027
3.48507  0.59903
3.47761  0.59780
3.47019  0.59656
3.46279  0.59531
3.45543  0.59407
3.44810  0.59282
3.44081  0.59157
3.43355  0.59032
3.42632  0.58907
3.41914  0.58782
3.41199  0.58657
3.40489  0.58532
3.39782  0.58406
3.39080  0.58281
3.38382  0.58156
3.37688  0.58031
3.36999  0.57906
3.36314  0.57781
3.35635  0.57656
3.34960  0.57532
3.34290  0.57408
3.33626  0.57284
3.32966  0.57160
3.32312  0.57037
3.31664  0.56914
3.31021  0.56791
3.30384  0.56669
3.29752  0.56547
3.29127  0.56426
3.28507  0.56306
3.27894  0.56185
3.27286  0.56066
3.26686  0.55947
3.26091  0.55829
3.25503  0.55711
3.24922  0.55595
3.24347  0.55479
3.23780  0.55364
3.23219  0.55249
3.22665  0.55136
3.22118  0.55024
3.21578  0.54912
3.21046  0.54802
3.20521  0.54692
3.20003  0.54584
3.19493  0.54476
3.18990  0.54370
3.18494  0.54265
3.18007  0.54161
3.17527  0.54058
3.17054  0.53957
3.16589  0.53856
3.16132  0.53758
3.15683  0.53660
3.15242  0.53564
3.14809  0.53469
3.14383  0.53375
3.13965  0.53283
3.13555  0.53192
3.13153  0.53103
3.12759  0.53015
3.12373  0.52928
3.11995  0.52843
3.11624  0.52760
3.11261  0.52678
3.10906  0.52597
3.10559  0.52518
3.10220  0.52441
3.09888  0.52365
3.09564  0.52291
3.09247  0.52218
3.08938  0.52147
3.08637  0.52077
3.08343  0.52009
3.08056  0.51942
3.07777  0.51877
3.07504  0.51813
3.07239  0.51751
3.06981  0.51691
3.06730  0.51632
3.06486  0.51574
3.06248  0.51518
3.06017  0.51463
3.05793  0.51410
3.05575  0.51358
3.05364  0.51308
3.05159  0.51259
3.04960  0.51212
3.04767  0.51166
3.04580  0.51121
3.04399  0.51077
3.04224  0.51035
3.04054  0.50994
3.03890  0.50955
3.03731  0.50916
3.03578  0.50879
3.03429  0.50843
3.03286  0.50809
3.03148  0.50775
3.03014  0.50743
3.02885  0.50711
3.02761  0.50681
3.02641  0.50652
3.02526  0.50624
3.02414  0.50596
3.02307  0.50570
3.02204  0.50545
3.02105  0.50521
3.02009  0.50497
3.01918  0.50475
3.01830  0.50453
3.01745  0.50432
3.01663  0.50412
3.01585  0.50393
3.01510  0.50375
3.01438  0.50357
3.01369  0.50340
3.01303  0.50324
3.01240  0.50308
3.01179  0.50293
3.01121  0.50279
3.01066  0.50265
3.01012  0.50252
3.00962  0.50239
3.00913  0.50227
3.00866  0.50215
3.00822  0.50204
3.00780  0.50194
3.00739  0.50184
3.00700  0.50174
3.00664  0.50165
3.00628  0.50156
3.00595  0.50148
3.00563  0.50140
3.00533  0.50133
3.00504  0.50125
3.00476  0.50119
3.00450  0.50112
3.00425  0.50106
3.00401  0.50100
3.00378  0.50094
3.00357  0.50089
3.00337  0.50084
3.00317  0.50079
3.00299  0.50074
3.00281  0.50070
3.00265  0.50066
3.00249  0.50062
3.00234  0.50058
3.00220  0.50055
3.00207  0.50052
3.00194  0.50048
